0
0
0
1
2
2
3
3
4
4
5
6
6
6
7
8
8
9
9
10
10
11
12
12
12
13
14
14
15
15
16
16
17
18
18
18
19
20
20
21
21
22
22
23
24
24
24
25
26
26
27
27
28
28
29
30
30
30
31
32
32
33
33
34
34
35
36
36
36
37
38
38
39
39
40
40
41
42
42
42
43
44
44
45
45
46
46
47
48
48
48
49
50
50
51
51
52
52
53
54
54
54
55
56
56
57
57
58
58
59
60
60
60
61
62
62
63
63
64
64
65
66
66
66
67
68
68
69
69
70
70
71
72
72
72
73
74
74
75
75
76
76
77
78
78
78
79
80
80
81
81
82
82
83
84
84
84
85
86
86
87
87
88
88
89
90
90
90
91
92
92
93
93
94
94
95
96
96
96
97
98
98
99
99
100
102
102
104
105
106
108
108
110
111
112
114
114
116
117
118
120
120
122
123
124
126
126
128
129
130
132
132
134
135
136
138
138
140
141
142
144
144
146
147
148
150
150
152
153
154
156
156
158
159
160
162
162
164
165
166
168
168
170
171
172
174
174
176
177
178
180
180
182
183
184
186
186
188
189
190
192
192
194
195
196
198
198
201
204
207
210
213
216
219
222
225
228
231
234
237
240
243
246
249
252
255
258
261
264
267
270
273
276
279
282
285
288
291
294
297
